3390605510742241807
7607281992066135534
9283424071987369995
4910986659266856151
1051308518037848700
18314025610826246607
8475741281722181232
9069583969501340492
9765735444070441213
12026573154063744605
2548922582121288597
17012992636171126242
14972330352298730500
2316196139479710859
2772515688875491091
17187860661989698935
995853934652220454
3227236147738826574
9771213731059434292
17629782251792290607
126497818270743862
1832664500904950106
12931281695891220337
5308854612717497507
14686820627848041570
18313265287516592695
13641399337837949237
15661655977636187407
16631442624850872845
12824127283999073853
14649098603095618150
12585971114339423967
11532293943630526528
2376005832094902608
17215279143624112376
9421866796377542354
2730886212996481564
9192167163074915075
12081479812751883556
15365880563684659952
3046685879795524333
16810181835265375238
4231075714522334819
15393123613768576847
8637293457472304763
7036407166130969344
16171346151407442709
7337365714583780862
14022245812061545956
10258977412857134962
2959036797054841684
1345221889971532075
9660059910858431700
6366635475013477506
14376281105467891107
16619250158243791833
2006608915071426134
5441843752366685916
2012376552114057139
4858589535726315990
5630613557834550432
14334737566493036623
10392909585092465196
16451681076029959762
5621487985148518948
14362316611774102984
2291037249299587608
2172218021841185816
3891732124222445495
9043277632146807423
14483285924302787599
15085361372044098631
12427158762921574427
6168948902993372224
14307296218028046873
14493587056887906316
6603974436816318133
10167057332203651428
3550872616363831406
7367484825244021579
17154639660813899067
2658606710408213784
16492488742085830384
9152474575841157289
10225727692907670115
2501473430695318297
12197012604862268660
2238708542679677265
7582029473736959941
14680656593462816061
4426158387965495203
10822074425017732924
7322669667121266944
17346010994803640206
16829840325387326204
2222838963529236759
5020592450776571488
8795243077814616007
11976770152267136126
15323660606318577152
15159095501514409525
3812712287068953926
6046817176437754599
8643201955155649002
12074084371053302205
5037299682601852172
7584091696850178617
4238911886361209098
3838565364841541764
16413842718051579453
4017981939052843354
16934550490207448827
12748110451695233580
12597129233414449820
6044171405416845370
5030765458172621573
7378749991768607775
3222402193751866303
13454048320317908677
13033571337761295371
7126855477405381278
8001121882220484972
15160642479946143676
8170284191796287115
9481484674335315138
14917363072494101150
4005304967039763743
4549006730255758504
2174086905100192749
4607889784694474616
12042212991643618133
6073631922796978378
13159399839173810773
9385541016043243063
1602398439256989861
10595885124584484786
299587093570531318
7895926735373474061
16188235343257932593
496464620727233935
8617340032734594668
10122311240288784338
13544900737656846556
14089987482956573200
15419526204221308277
16017436669942754963
1357413015929013282
7603217589404552473
15338495529062163206
16579367566399096852
8783992178071199964
7728820709009159956
9376175514742976160
17227671545609990729
14750544117770459555
10051902616819596223
15295663416151439685
13374035212317213981
7932633593704597544
14874235923663273392
15712038803145913663
9702159401143790869
18215669774911413460
14630331170768390340
7441271594965931798
12200251258553986351
2431325290841972262
6036247276424972043
2653414116491522002
18324528511507135461
3102832309701969510
2111940187975766065
2468618563494449810
1474883384685071247
7211048993289362499
1896673546529179931
14837507489691170008
9332108010530820723
13553861602487973830
4295197032474228840
9922920655579062077
2373461141499533815
4005530783331299004
5236242126906638801
12293073758053178996
12610336069465638193
12710866467826148083
12966842162696773944
9332795250322842260
12440581363689201515
11319970395521045900
13332314271898576342
12693025185469371557
13409383242692589598
16047562016272433957
4991971460098911636
6003361283533910816
9820956067216551584
7932222342542083803
9120267739573931463
2907857406413770318
9134905761637955928
2884752269137619156
1124196981054232542
1927663918483073720
14904862067296665670
4433590732463737969
2569007210361368536
6718291914210443651
1498958604578035931
7676749388208560798
3693687473074887957
1790322504985921701
12086035708596641730
2947193494641839756
14821980576254259257
956676930845227561
12241398545685627897
7009394852072811142
3329966072310167231
14356906445817144982
17110031787236275457
14389275434819097130
11334803512704237292
8872891286185788074
6923604324101108911
16858112078821592860
406691420066546916
6849086246195713894
17320580491763065868
1136901428253498723
11100946408031401814
6958343253017108678
12714561007475207827
8366398945449061242
5654132210738245938
12592489991741036454
4471125388478922971
3456284811169322478
9276681054269300286
13519465481385583346
10589756522335073688
7451418228227928514
6096074415904773938
16654042323379455990
10912582665210900153
12554689412613362901
11188675700095857058
16262733566184589759
6860550077511228792
7320334600958715482
7075637597507594775
10614344911408927076
10957316087543825487
2991246860051928961
14883245819143047086
9047102743369978231
5654000713791000800
417108615333697105
1964327513691112621
13096813526513832376
15725658443827554070
6998397288215847942
9185026080357731088
1823771254731946628
1430556875148917409
4657888218189326909
2545688980433576953
16541924199829287942
9633779445481158759
430727513838513195
12649618061227025218
14377453819979876311
17838189705778859644
6780792906134714552
2089954035551642409
855090266060945728
18146966606539268810
9798871559137883616
11149300490405771085
1660929733427101633
7658006529559113695
14687939707788101709
4341037969659194666
5278293858474594391
1052204261135461817
10380854264585824340
8199219990756134318
367471233778456872
14788931586560531503
1523883207455380444
712647730902749405
9237792441770499256
16373573107881779254
11265254407660711976
3051904617743291265
7415903468117829228
15795860779599207217
777642765928333743
14986687440553409111
4514361452614296891
5833035651546942984
8942931370752440019
5802482271038503270
2192044111933035072
13261348505033801517
13838923460170821592
7668819668158808201
16316030480236299349
7653001415547720957
13374530919613260147
11634675258113650844
17191879214566411491
3017840609083156339
5621634168156259298
5613685467276742407
6304469534944379868
6977298416463914423
3678245650539692467
6553470898332168100
4336477278514482775
7827299520005140048
13665045630483009428
1165168114379335808
12350480753791425388
17035101718979135724
11768185177454542211
3631924107545977928
17228651522566823041
12677427010839923812
13200425668748255889
11018337875030315942
8881162607352134515
11928587714915065635
7801093345491313610
18027943006901106023
7116619930941938316
14731061870625059961
10498690011952598354
17660900798315119410
8224381953880171465
14525985618098107909
7063857896360990295
4538498060094439385
12533866395318175028
11539964911530605926
4248842847689341888
17630394105538349077
10574693413722767763
13104953569231958662
10587331055798411205
10101394621672219001
1035123271908792431
14673964358806265650
1025485703853641708
9588513822662960125
4444284308764058936
9053059179896315310
10230652344850991886
3605073267404534292
16746507776676575736
4154097718290581229
2008529966707349628
18010452585391510821
5499462134787756909
2969817341564398685
10086207006119305683
6443361880929688393
18285797915705835240
1860019601920200902
4721797691212422092
2229785241561320979
8316851626271031701
16526347949721785790
5455858745085348678
13905062402864480375
10095575747162581353
4544926206046699750
1456936694632444805
12068810240244010092
13211118632394957069
9869894907657644691
17914169911390478444
4734157854383327564
1423720428585578561
10978048151283719417
7128194725778974681
7752209953738464869
13820317408244449217
18282920059494131478
7135815440508971455
9052503824716199545
602623713925881400
15780053134777541076
10913724037267307889
4696085109968504278
10494658974165064499
919160683860060997
10015112968153104861
424186071959953164
1362001648772129445
12072474878170370780
5135078561705100806
14256472867112407884
7888109934287735411
9742770894150967374
7436319512938349902
13083680862099119743
4276074393609294536
4179394808074605934
1231970155697657189
1495480029621140073
11124757953531486937
11589727147209596990
6870619102219883236
6003723672069791979
8098865609770117522
1719451764818426120
3081105129988616014
8842417556225945278
15499366037175684978
14041480718060029843
10167557457851483567
3793670616567084925
10346007377577820875
10836931879351143775
6593985142748603678
8782701408439208927
15616990671044858486
16951943074074117943
2446460098812687494
5226391728023172838
9632858513208420359
9191841638828834282
13339478810696008837
3609494395036649497
16052761232100535459
6384488806337582914
1025962955513174907
3509397259823133547
12751532805048394795
16447168441768131615
1187977252365549961
8413374499124595631
9293015173745031629
7366928683499036886
14880294781815882556
12087066628092294867
7909628035139609630
6364872367246863808
16254408459550617342
6213861443597701831
14610457566702557477
3455924368814130366
4472989401746763655
17465130371623380613
4521742698360177292
17439608853506734891
11419754999862702193
2102392005574867071
13184334790994222679
12865334492374316854
10397161383102680071
4751435055323038976
2981669475537710721
2114780304930423595
13889294248684919770
3938681053288705459
14351827045090240097
7720244297108103664
4799092186035598077
15936443376664268947
7889243955504836601
10115642902768239961
17395815553524888518
12477099686713632230
8143809089373801391
15067505408829711666
16497238200963987303
14970782743487419693
12161236390682197681
14327753118034130197
13400117555983271089
6600252805149745726
11331290648896235992
6921239646970216416
7898130463896147215
7908612134097028538
13299353840946916360
735327567373117642
5991445830138850320
4699583360026919076
2057847654754939791
5478408107566380756
4342506581896844923
8113031748751486477
3569958016127569614
8589602993593234466
1661213618737099383
13513798148425803654
10224548103737921851
15104700537628989299
3984879089108970150
7080296813677949332
11869687772757202175
15082797427183862001
17873301014100544711
3798068417135617500
16278077478792270984
2662598528020769220
15701127308011400588
8351936074185329050
2425565625156530262
2124740718542882061
13876019490899510103
17253671657304501510
14773775474136596587
7724139441780246935
6400505983545599818
8965318127259730912
15309731760851944485
11308831716397442567
769050284143264591
14376400626092602149
16340693400487679746
2569200424799776424
14431740545468903641
6926275029176395879
7360701176228586601
12405574622555015311
1670845412531005241
3088927645379072879
17739483423482057693
6096601603028165996
8012039591855570786
11503042054981622971
6200890512676506564
14943667763054879901
11809552200657131871
8409929384239095737
17599212925203901968
1464312179032920421
966781989779599280
8698926262842803146
1753319408415262697
10001078667907435841
4234059901775797866
6711730051049663876
13401036702842030618
7627962528583105637
5035171354961655988
18374358950802560162
9322753167703754910
3622323153947355673
3033355648962803930
18295001256646156315
12515510275142443958
3859440639787706247
3024161602522189198
5762328480397709264
17777224555656002330
14309225772064562630
5860327782037195878
1874144929911441890
14908489707765722525
10182622145743685489
13389943572766453874
2146171291512132151
13217833262622692832
9503318645238932275
11498766903758889835
7152442071393640319
3390605147265568604
2387162006184387289
5206973710340649463
16906007871643758302
4003107202803324767
4821836718104325140
3787312889063131958
15878302679121381781
8574081288215566954
11794871526055885061
4000854115467745665
836697282248806146
5524846183691110224
5048640238994213207
8095068229955998617
7547361599391792724
17190084991913927886
13779296586324663969
15387878553874792199
17470995668915260055
3482091951633063249
10563302710829741618
13919668190004450198
11559549402574126074
7540528952072997734
13081324064896018728
5016541115489936468
2457307383423950361
16261321797825841404
16752084358068633911
69606138534615275
15581810439559631622
17271236807222679701
16289873471365621063
17220429839264193288
268861252614364057
17134920789160580509
12968379088029033755
1417767387910103304
2538543693281192206
15896979806300748684
14120612108965687512
12584682685351616622
9757567714176531656
15788575260498756374
18132891387785279449
5643972521975276755
12288628311000202778
14033042245096512311
9999237799707722025
7556872674124112955
16969683986178983974