1900409359
789436863
2874406382
1771208362
4263385099
2161465601
3662185687
1143428184
4009558652
244776838
3702811087
4264066370
287975024
1973412298
1253335884
2111677073
843227389
2273762469
1765277277
2800154768
1800377237
593467285
4115727842
3961146025
3968902148
3486017312
4224826507
539281437
1637809939
645526612
4140723575
4001860660
2535384102
231865312
2152060750
751399469
1211597620
2275037982
697357103
4104753549
1927527734
29452568
1491630426
426700455
2249942897
3010798640
2335730851
1236064036
46339170
3419541900
1273698871
4263889344
722759989
3176135788
4116761871
3646513441
1015466509
3872309491
3576227389
2985849809
3039785574
3410759056
2408011487
2930399755
3011278912
2685071421
910551376
553206967
2967992568
4008244523
2669776594
2193699310
3081421340
635833994
655829763
2140218197
404815140
2812938721
4085306096
3577647861
1734943469
709361834
2763488262
3913925456
4125279843
985124081
3596250959
3583990878
561067643
2011026595
2151668480
1638291209
780491541
3765184933
216366590
1708363582
3844285924
3264808517
1142620018
2388604314
230912852
688954442
2144678187
313208878
3350551764
2249157966
2392073346
1482347835
580050339
3347238783
1668924377
3869470711
1106697814
467200045
2264841948
1267027983
3876941747
468542927
3664095702
1131228528
3594128544
1310979378
927191119
3337566174
573592108
2419787828
516435538
3830455494
3756483108
1308854665
343719368
3343987421
1672520216
533423677
780905496
505758920
1765889975
906114495
3579353727
2105552151
4202402831
3372152783
18250823
3512334398
2404565019
2893423373
3228869696
1436320343
1675229721
3331176987
1325449228
3374551203
3425857205
1537607618
3104276836
2367202502
3439800430
826751956
4173345611
1715376233
3768833339
3994125793
2606363928
619005111
1177003760
3839956769
2228117673
2130976546
2443373155
2380862760
4088140569
582419668
1908868340
2839838295
4061002065
521239950
2460100549
1765328802
3940085053
3418106723
1649182627
1030545306
201690940
2519710554
3695870208
1704941891
3209332622
4038682904
2369884924
3918502555
2651767063
517545026
3599474272
1168947771
3864690631
2047802106
1919040638
2788559103
440665600
3567817762
3556574773
3529501962
3716357446
887716255
1062046439
1407884335
1929617898
2012402274
2763674045
2811216835
1621875980
1172837727
1321112121
1765808951
3837634826
986948582
2592043140
893735644
3768104509
3821645564
254677338
935509321
2679860987
3942882290
3602721324
2968150761
2606459548
2932997707
2909917242
1407268318
2997826309
1171316359
4056468511
1717999109
3791977407
750273976
729638597
3132514730
2918812683
3034614803
139162270
1659350348
3394984300
1862906357
3487766460
3529862146
906090123
1902292527
2232489154
2207580179
3381289630
3473219245
2172863775
932557733
4257313960
1059148164
2035502061
506194053
1960675192
1072857944
3699575637
2803796201
3871957194
1414127629
2806618709
3063911534
3458057783
2185241555
9281701
373087460
2746494898
2467046753
3549442038
69753055
175249677
1838413704
2538607409
3769117254
838790543
115592177
1743128172
2006380826
1465602002
2356784241
4193679580
3153667956
3142822416
3280580854
4151328117
3590138210
2353065619
3729350089
871416866
316047346
779472153
1770262045
3064652550
3571271786
3688482836
3860184821
2881380572
2045182552
1563195156
1799506300
469266080
2183060980
2670735945
4011129854
795842979
3434378681
945421247
2340390956
1269102917
3561299158
3149645085
3113885226
2115487784
1846960185
4149067184
3463177923
2796188991
3658244107
862219541
2258960018
1198136532
4241166118
1543080132
3406389423
254154518
1732556055
1151298863
2840592353
1712266790
566087032
2679817995
1405423338
2675699666
617796116
4242963429
4266511767
3512993382
722434443
1395314737
491724393
319132306
574770049
3309800335
343398047
2264095811
1678953178
2747304219
441603722
188576984
3454626419
3175371379
2172800714
3877255110
3155754320
2968533096
1000053489
707600189
2310360003
1128651255
552614485
1968877244
932610310
3157574097
1219157624
2456788596
2862204275
3201008945
2936072663
439591667
2959479221
3860422968
3019078206
955392660
2172960725
1443503979
2896548566
1425560972
2635635993
1382196694
3104171313
3640464549
2955325223
1707374622
3122115331
1392001829
3736364193
672492948
1162283928
3143578400
1397766471
1831399072
2286619522
2661500635
1846864433
432164295
2123477808
2529693262
677038311
857307480
2126885988
2599626964
671658727
2974668766
261747506
3817171640
448819230
3010035782
3470308628
4025945201
1032275783
1459728344
598143602
2749661571
1564224230
3068369115
349003496
970873502
1787382501
3488636181
860003631
789760165
416841941
1100406722
2813999473
1417154188
686196958
3412062265
3451011277
2480355881
222743705
2643674105
2850172702
138439302
1632001915
4129715903
775318143
2826069654
3342727768
4124849409
3983739713
866488874
3350264261
2375417580
2639089597
1002652330
2065880989
795325615
1612027251
434245404
3925085086
440665316
94690225
612521830
1594677159
1528374284
4032761904
1336876387
264705491
1499215702
2584640497
1565663430
1620115538
630697619
2960339423
2293345146
1947954051
3995447602
1316455241
4217558950
2931917549
243548379
1041015002
1012094446
804729017
3595656766
2159895620
3810829042
3147745849
1000895896
2465619827
912617922
1734918502
72996658
1419352930
2539292662
3877571393
3724226233
2540783645
3492631765
2923116416
3812766114
2605066564
3376482751
3786462723
1574296952
1597346290
3877971546
1704398216
383166999
1647425256
2952860004
2471344757
1639515215
2551198957
3236288385
696453931
3134637998
3465275703
4043805047
2106442754
1766936800
1316424625
1639470673
97115667
1544930477
457355639
828592568
3049339523
1534502678
3661415177
690594822
1629441345
1147915024
2138555534
501070468
424629835
104757921
333077478
3903253053
1084499111
3680412665
592714403
3091411974
3851466858
475871335
2243039069
1230302251
100286564
734880578
2945218715
41666519
3347511827
3506081404
4153277190
3517315256
1578776376
1307779881
486605343
125106496
199091217
1571168970
4225169915
840398304
2281477572
2025420621
2595898809
3855515585
386715338
1644048351
1783018589
487622733
3419802456
2584014122
1010726664
1988169815
1228948556
1612819897
244985395
431794260
2416980980
3897363886
1909029667
3800701224
85558563
1082039343
3443316460
193958876
354806708
3799142621
165926229
679795896
2150841160
2670633014
3812269565
2835689512
2622896434
2230752129
710576916
3250595436
1726649577
1636375345
3677760432
3108995503
181059065
100563543
3489360083
2999625019
1051081682
883232264
1358109445
879064787
2082188467
4106254694
1350995681
2143375936
510375041
624066349
3087648308
3041734616
3222125456
1730314377
1785536219
2532197461
3798871878
2001245437
1781853245
2500256115
3114000642
216264860
2708908929
631704803
4002796303
1965451123
702645771
3257336802
1308888701
2647494407
1307038000
3080831964
1467873699
1161438647
1624528881
1426801075
856408302
1827860388
1525848847
4066938455
1009664795
1350430288
1822435185
3027341204
3181641369
154216576
271286842
1460231020
2875570383
4033202412
3966293697
2167537027
2739994129
2842993736
845623227
1234607233
4011358023
3473820772
2951693490
4121961105
3073463604
1886000038
2565406699
1135917939
2067806806
2342117155
2777340755
3584844746
1816333584
223606119
4197457574
692214412
1656967199
183006329
3429842617
23088466
2444416753
1627145010
4111998900
4197000137
1914888143
724284933
3382094581
2960086615
1644682580
2377809881
1056701424
1260733748
2918268180
406912358
2686857458
50035648
989260815
1992362005
4104896007
4120625555
2462112673
2484007558
3051234774
1280532421
2465055104
2429575545
2351914211
2833061999
241008417
2640568114
3416548566
2087718892
238764496
62891005
2232499845
817456440
1034765576
3830390190
2107829595
1935428366
2382009370
1156018708
839371529
2568993272
3899100184
2365097709
967201245
4065433724
467647324
4098282789
4193385267
2545701741
1280443308
733850717
691464483
1120674259
2348378069
136010569
1500212094
1882816232
4257494098
532123846
433069561
2784615372
1099379195
11259411
519162333
1367589269
1936417917
1638667710
3847840230
1300581190
1270291103
1314947191
3237524629
1152166249
2350559399
3922133222
1058198093
1607234437
339219508
1599556716
2809988856
2440175885
3075953254
626977427
2298013984
4268466284
4170967710
1696909644
1102257020
3310317633
331485743
543579385
2556026017
400451545
1659662166
1154752101
1804952033
2844704705
3217793397
1392699158
4256824045
38332863
1661436502
806549113
2107700292
835149368
140309267
1127506388
3674079928
1106623857
2541049392
3467412950
1093392518
3791215411
2443478203
2767973189
214008773
2754380253
2331825198
701980428
98763516
2324636325
317115720
1630278364
2810842096
3156739590
1195603646
3795505996
3319343753
913525363
1836593713
1105338446
2268415618
2633958734
1731403058
2080284287
3046281836
1614402248
995601153
1063654766
973091183
1346229605
286840404
3728882281
348193577
3497140953
2590184554
1965105214
2698443631
3738456804
1599690667
3813859563
1397850846
3388582290
1885664092
577485064
400341061
2493181774
717375690
310800062
2058785771
2845593458
3608727370
1886848915
3269286993
1285326255
2367318947
2001827709
883282771
4162372299
2408867556
3017067871
2523169824
129754398
1535281805
4065823711
2044882021
3761754742
3636113989
517261111
3946931817
2061874310
569610879
98334438
1216864150
3680675847
2242824647
571047402
2140142405
2153956485
3105839437
1122781209
840400903
394505379
3737574730
775264066
1486504638
1276287867
238875615
3615273835
817095222
2460378155
2968947590
2493168671
3829404814
1350451593
276597508
4003908527
1958891399
1667447245
2163698704
563650774
1715246747
3476816700
3464588611
3890968275
2814239502
2079826974
1841603786
175304128
1481937330
3651038974
3784524383
2099450567
1446777359
1429821733
3401762239
902317246
804645095
1999892359
1041449001
3967772293
4066417545
3849945740
1052800262
1862712107
4060475354
4241404017
2658868906
3739826303
489501283
2299059799
3069717155
2928490294
2995444110
4099079
2420777777
903759104
1106279682
655158913
694224023
2506015531
492385659
3518864346
3233853319
3369446835
917045644
2222106209
3341545128
3697091056
1797509448
2701210365
1117375722
4046672019
3710492368
440627193
1836857748
104056153
2355231648
907080646
4050278932
4256441830
2905051150
314117039
1896128312
2559730994
3508176982
3614865255
3841062588
723359021
3485656982
2016050865
2831508496
2515236117
3335939980
2564539569
3119957995
3870941758
1536741108
908749272
2638271695
3808591840
1611476681
2453181711
1838926799
2536670650
1841367253
4158532616
3096497114
3469977802
171206790
208399376
1394992189
2663235748
1094207018
4287230863
479129993
3793565396
1275541285
2294404731
1011068602
197946893
1888962404
3059191502
831195622
3133256738
1999922793
417182327
386781436
457205638
3146426321
271667515
2380588116
1611077491
3516837148
859368102
927801963
1671082388
1648510064
436049151
2763627044
309870833
3511737433
1427606727
4161452179
872392156
884306714
3585283208
3790035256
304605636
619934529
926182796
3655703577
3902163354
1944586651
3134877782
564746005
411993357
494704749
1802912599
3230762549
1557933318
4017183477
3611967595
3439787652
3873786263
1798416357
3690948426
1490233927
565167072
2087400790
202933285
3564574700
2156553735
2633042567
2831532879
179058472
854848293
3347266611
799233794
3804614162
2499358376
598188588
1061597401
3360151440
716679271
1612649073
2598872169
1713796792
1140721807
2888397924
3632293689
389024012
3753120623
719197011
2475955165
4130295343
1435641196
1419475675
652918626
1865448335
2744065211
2678260685
1261194180
1443757329
3528959133
3479343783
614062431
2749625640
2645614521
1958089271
759033360
4097636073
663294309
340936747
4094619568
225096472
3759129546
2025376600
1684260841
408226486
2069630273
2328557583
856841834
985818892
3508612484
1562696427
652151322
3120172001
1278196837
1776023425
2075539636
1172342187
1041962146
4278113821
2845919390
2170622620
1957980697
843387831
769276122
706258148
1001922587
4259636918
77456310
2913994313
1312860039
898596048
1840647566
704117492
154718160
1341646649
2889497370
4139082635
2999311814
3331626246
2209221734
1364463889
1425574370
436358370
2431741341
3471153254
1192494961
2370826468
2302996594
3117589180
834196023
499694443
1056429536
3077516626
80749363
2212663797
1838228331
2677265299
771366783
1665307691
3495956316
789436778
1743643353
555804466
2007429623
1212343040
1598598878
3936236694
2766559071
932046026
2878024724
1122671346
2916993846
881802497
3911829909
3696955432
325687914
1996308865
971913477
2746207529
3734854017
931521438
3304689410
194808766
160745296
1286353493
1811827031
1175478156
1729352601
1884779946
321650260
1757257059
567125198
4002378553
1252155041
3208242493
714014471
3582769668
3725920919
4067783166
1549131089
810737710
1173190194
2459460569
545592214
3240925304
3221388282
2691417327
1725696870
1755666209
3756353832
3045733101
3588973652
1168004496
3169705497
572136459
3652831484
3786134020
2718892343
3900398583
160094443
16206442
4016886534
3627922953
2250823829
4021273182
1624155463
3792781725
2028018440
4009443763
2146573209
62599138
1281316253
3989534636
915612955
3019436050
2055463176
330099693
215312654
591050762
1948072844
3701304040
502968536
3287711206
3479461998
2930099769
1666186440
2271860771
1200390934
3676064140
531527641
4221892773
241624275
1314089755
1173995034
2861169239
1493637943
3267322258
4097622313
2328128972
3120964667
1759471528
450185254
3951062445
