2398759846
253675833
1015595153
1720596156
145577296
2617289563
228745134
3951322424
3681377049
3316396865
4105396834
1423395965
472343227
3379442432
3273316518
2019169004
1654138009
2856914648
1058177921
2053234674
864891116
2668265148
1643356367
1475030995
1648521154
393191836
3441493648
1079985586
473149381
1255792998
3220999709
2453239800
376019289
1637362153
180758258
289885646
1683353712
1210110792
1047329987
1241131492
2082438226
2495935052
3613308005
409267235
3658870876
2967579600
3508997466
4253331959
1048961593
691747278
3090440289
2151486776
1918736399
2084321600
1965982196
3713333626
2707648748
77579748
3814840564
206130464
3961429143
4104264280
3667845367
1555176921
1453516779
1631227430
184662580
1443849498
2530108729
3671065366
1529217467
3341306447
3998813661
2500659123
2852593213
3159784855
3223531511
3362457334
741810683
4225727486
3349905167
2710206632
1930892817
2568508746
2832099671
2625868867
246704207
4231454071
3757438729
2551478594
2094593983
3113550862
3932325982
2666223291
2534430600
767900422
3790743418
4144664631
3474278675
3689835610
904833960
3556955917
560995430
1564304326
4244110174
3301262577
2327273360
649905277
1772871257
3503275884
3927557713
3223782637
3056956765
392043376
1536471765
983285470
22366717
1313448453
292725644
418735643
2137574017
2202075234
1615300061
2112693454
2079996429
2161432643
1594718164
4271622187
295439410
3935704134
3077629314
1393305874
3858362883
324031730
2028556502
1674757411
3296504767
1530306948
3850353327
1663526247
3505279063
2335802976
198355310
1119279438
2706047108
2348277930
972327782
420742403
1594197932
1695562566
142068515
2915916351
1514401935
1968176837
2216943263
427934911
3779618461
2549209667
270965348
703521178
1853908749
3521959132
3463508086
1886677767
1181489195
3249530305
1022037678
2590163707
2048389458
3804993430
3577462050
3863747469
2194294653
1788948188
22725685
2800646806
2135789256
2806712530
3724694203
1726464655
1341072913
1154951088
384723684
2312524000
925664777
3178523298
631808855
1365552932
1266422865
3266089508
1725521260
4260222511
3203190642
208464799
3491669772
4292681172
3427512615
1390930363
2717928419
2501957830
2316410722
23912203
360698453
2711514815
1118721680
2311540551
3520960447
2080650950
1815381849
3428303761
169397654
2222408493
286072697
1682588626
3447795483
2974421805
380135592
891493076
3921409222
3332278613
2524701643
4103056553
2753493399
1696580592
207332048
322683922
3928530621
4170059990
3770346335
2423591820
2732039748
3271124824
3095463971
728823494
929182375
3942936961
3156970339
2855421921
1780768495
1486833556
2297758718
811395545
245691564
3103014706
3466601152
676130082
645574463
3062317826
1155364942
4149921882
1912429677
568479651
1378726009
2806531594
3041668451
3278232383
1961670551
1499128888
897905711
2210300537
2400953866
4025778210
2204979704
2950092944
3916750152
2486009669
2567403623
2695847113
3944418012
643317925
4086600327
1300704352
316189241
4236399347
4084961103
4186926147
4078441852
823252684
1470025763
300742250
1882539865
3985819882
3678092090
1867137308
4085807309
3002362730
2449601658
1009689009
326767505
2897088568
2196154116
4034473954
480014547
3090118706
2977464569
2743209152
287661963
1290786654
3442568592
908513023
690481228
1905467027
3132705261
90876334
674029242
1940857280
1533641769
3762911829
3369220337
1263190566
1699856657
1498504576
4063518138
1688555341
3438944575
3046993421
2131906845
1695512136
3215614332
2497320024
3040551570
2096611348
1929182071
283979849
1908511122
3063905142
1385059309
3812211109
4104245444
3730751576
664392643
3524678113
1065347636
2132726715
3960750636
2192547052
26549055
2511939746
3671064753
351096256
3839538508
2435452855
1940265844
3911198546
1662008262
3507018208
885432294
1653800402
310954290
279574244
783373017
1459443044
1946515064
148813294
161689051
2675793201
4015028957
1878632805
1200154300
4251548420
3891489973
1082362286
2991872861
2240828379
2695655109
834669208
2811189196
3717983282
2586580964
1967635796
4172199585
1666035946
4243037326
2848729758
416580624
2551793472
460796891
2388767673
69162239
514637603
3484022108
85193585
2031938601
3930187931
4270969786
2687561875
1491515404
2891375351
4265774427
827481836
363278530
3704738794
1713018401
2887890134
3656078396
3847857601
748019564
2907831606
2816398562
486099090
984580180
3677626826
283677747
1921238596
2866175261
670928656
1918602131
677434567
1459448359
3080670071
2980506183
1661195224
1299299564
1358820818
6983396
297001011
3703514601
1906850217
3555325399
3172793162
850685446
2949650215
2992879372
2861116937
3441229862
1159402242
4211404630
1855650463
331093613
224377260
2903257128
3690363550
1039271049
3017976156
3331602784
2069793425
3315944001
2224805981
3461010232
128593351
261694387
4147496533
1059953568
62659933
3272014695
1555930644
2567346341
1339588733
3951153225
2661320941
724060938
2588006608
2395915169
1330836890
3812950224
545924173
1230195842
1801249313
3433300933
3734242334
2931341047
878079315
3270023062
1596456974
975065778
2075426995
886342696
1477929095
3985831909
2907060773
4160984347
3850004426
1596952767
3626744239
1981611000
3646474308
3064574030
3006465182
3559887327
3940355356
2849334963
3252900076
4232741750
3389581637
3405298444
3866565424
3629213465
174747977
1417851024
3679366111
4012439047
605041754
2018351525
2110516092
1381851179
105346278
2800214792
393620129
2720701718
1435605196
1478513046
1422192247
1513825173
3910026844
3299256115
2560162573
3796753659
3257035876
1335956935
3927155962
3297145200
1585236214
3770786109
2957598225
945075072
2374473618
403826329
367100199
1768138178
4191919241
190416863
3789235208
1450038153
976183659
2455788002
3624689232
3989160835
865304648
4054329868
1141444694
770048960
1836944022
1556508396
1283943025
46008689
1157313604
1383168596
4081826288
1199323014
969743470
2092754794
3903803139
813221029
1239613315
1087847678
1691784423
2793763794
3330236787
3721524366
293909715
1886163719
1517563937
2301279982
1070327632
130935641
3222527096
2482797231
3862519086
1688353955
2281153773
3691456082
1299637389
2649407749
2555349756
2458271906
1633335147
2143258667
3086566492
2907730869
3487194140
638922006
372478834
3605268509
31015550
819391922
2545477251
3409119685
2240120067
1628621849
3372882322
3140067125
2766273295
2772391746
1025032540
1070096089
263802793
243137597
1142926762
3451816280
2808497506
3176314693
189028287
3282080940
2728324694
3928868035
721640142
1823562915
872641805
2328124522
3739859672
2150585017
3146488146
2597273704
936611317
3189399580
296550801
166813998
1771812438
1275246067
4293774868
526587641
2310611687
4043203920
879805758
1384865664
2578965236
1839611576
1926017158
3356819443
996356028
1116481305
2850296647
2993816451
2137443228